Average : 5.651941747572825
Count : 412
TotalSum : 2328.600000000004
